    5.200    3.469E+00    1.200E-01    1.600E-02
    5.250    3.580E+00    1.010E-01    1.300E-02
    5.300    3.557E+00    9.900E-02    1.300E-02
    5.400    3.495E+00    9.900E-02    1.300E-02
    5.450    3.442E+00    1.020E-01    1.500E-02
    5.500    3.410E+00    1.000E-01    1.500E-02
    5.600    3.422E+00    1.040E-01    1.500E-02
    5.700    3.434E+00    1.080E-01    1.500E-02
    5.750    3.440E+00    1.100E-01    1.500E-02
    5.800    3.448E+00    1.040E-01    1.500E-02
    5.850    3.456E+00    9.800E-02    1.500E-02
    5.900    3.464E+00    9.200E-02    1.500E-02
    5.950    3.472E+00    8.600E-02    1.500E-02
    6.000    3.480E+00    8.000E-02    1.500E-02
    6.050    3.446E+00    8.400E-02    1.500E-02
    6.100    3.412E+00    8.800E-02    1.500E-02
    6.150    3.378E+00    9.200E-02    1.500E-02
    6.200    3.344E+00    9.600E-02    1.600E-02
    6.250    3.310E+00    1.000E-01    1.600E-02
    6.300    3.334E+00    9.800E-02    1.600E-02
    6.350    3.358E+00    9.600E-02    1.500E-02
    6.400    3.382E+00    9.400E-02    1.500E-02
    6.450    3.406E+00    9.200E-02    1.500E-02
    6.500    3.430E+00    9.000E-02    1.500E-02
    6.550    3.428E+00    9.000E-02    1.500E-02
    6.600    3.426E+00    9.000E-02    1.500E-02
    6.650    3.424E+00    9.000E-02    1.500E-02
    6.700    3.422E+00    9.000E-02    1.500E-02
    6.750    3.420E+00    9.000E-02    1.500E-02
    6.800    3.424E+00    9.000E-02    1.500E-02
    6.850    3.428E+00    9.000E-02    1.500E-02
    6.900    3.432E+00    9.000E-02    1.500E-02
    6.950    3.436E+00    9.000E-02    1.500E-02
    7.000    3.577E+00    3.300E-02    4.000E-03
    7.050    3.576E+00    3.300E-02    4.000E-03
    7.100    3.575E+00    3.200E-02    4.000E-03
    7.150    3.573E+00    3.200E-02    4.000E-03
    7.200    3.568E+00    2.700E-02    4.000E-03
    7.250    3.565E+00    3.100E-02    4.000E-03
    7.300    3.564E+00    3.500E-02    4.000E-03
    7.350    3.571E+00    3.400E-02    4.000E-03
    7.400    3.567E+00    3.200E-02    4.000E-03
    7.440    3.557E+00    3.400E-02    4.000E-03
    7.500    3.571E+00    3.400E-02    4.000E-03
    7.600    3.567E+00    3.600E-02    4.000E-03
    7.700    3.604E+00    4.900E-02    4.000E-03
    7.800    3.578E+00    3.700E-02    4.000E-03
    7.900    3.581E+00    3.700E-02    4.000E-03
    8.000    3.578E+00    3.700E-02    4.000E-03
    8.100    3.586E+00    3.500E-02    4.000E-03
    8.200    3.581E+00    3.500E-02    4.000E-03
    8.300    3.564E+00    3.600E-02    4.000E-03
    8.400    3.585E+00    3.500E-02    4.000E-03
    8.500    3.568E+00    3.500E-02    4.000E-03
    8.600    3.566E+00    3.400E-02    4.000E-03
    8.700    3.534E+00    2.700E-02    4.000E-03
    8.800    3.542E+00    2.600E-02    5.000E-03
    8.900    3.552E+00    2.700E-02    5.000E-03
    8.910    3.550E+00    2.800E-02    4.000E-03
    9.000    3.544E+00    2.900E-02    5.000E-03
    9.100    3.530E+00    2.900E-02    5.000E-03
    9.200    3.514E+00    2.900E-02    5.000E-03
    9.280    3.499E+00    3.100E-02    5.000E-03
    9.300    3.502E+00    3.800E-02    4.000E-03
    9.350    3.507E+00    4.000E-02    4.000E-03
    9.390    3.504E+00    4.000E-02    4.000E-03
    9.400    3.500E+00    3.500E-02    4.000E-03
    9.410    3.502E+00    4.400E-02    4.000E-03
    9.415    3.506E+00    4.600E-02    4.000E-03
    9.420    3.511E+00    4.500E-02    4.000E-03
    9.430    3.518E+00    4.400E-02    4.000E-03
    9.440    3.514E+00    4.300E-02    4.000E-03
    9.450    3.522E+00    3.500E-02    5.000E-03
    9.460    3.521E+00    3.000E-02    5.000E-03
    9.500    3.538E+00    3.400E-02    5.000E-03
